# Parameters:
# omega_b = 0.022640, omega_m = 0.136400, n_s = 0.972000, h = 69.716797, w = -1.000000, sigma_8 = 0.821000
# z = 0.000000
#
# k[1/Mpc] # P(k):
8.694000e-04 1.674132e+04 
2.077466e-03 3.586702e+04 
3.285532e-03 5.078391e+04 
4.493598e-03 6.217802e+04 
5.701664e-03 7.057308e+04 
6.909730e-03 7.645810e+04 
8.117797e-03 8.038302e+04 
9.325863e-03 8.263180e+04 
1.053393e-02 8.349034e+04 
1.174199e-02 8.322338e+04 
1.295006e-02 8.200046e+04 
1.415813e-02 8.005059e+04 
1.536619e-02 7.756554e+04 
1.657426e-02 7.467903e+04 
1.778233e-02 7.151090e+04 
1.899039e-02 6.823697e+04 
2.019846e-02 6.495231e+04 
2.140652e-02 6.173673e+04 
2.261459e-02 5.863552e+04 
2.382266e-02 5.570281e+04 
2.503072e-02 5.297237e+04 
2.623879e-02 5.045819e+04 
2.744685e-02 4.816421e+04 
2.865492e-02 4.609032e+04 
2.986299e-02 4.422543e+04 
3.100100e-02 4.265513e+04 
3.220400e-02 4.117214e+04 
3.288100e-02 4.041362e+04 
3.424300e-02 3.903225e+04 
3.555100e-02 3.786915e+04 
3.686000e-02 3.682940e+04 
3.795000e-02 3.604490e+04 
3.929100e-02 3.516411e+04 
4.039800e-02 3.448433e+04 
4.164000e-02 3.375035e+04 
4.294400e-02 3.299149e+04 
4.415000e-02 3.230422e+04 
4.542900e-02 3.155260e+04 
4.660900e-02 3.084847e+04 
4.782300e-02 3.008792e+04 
4.892900e-02 2.937709e+04 
5.031200e-02 2.845827e+04 
5.155900e-02 2.760299e+04 
5.238100e-02 2.703036e+04 
5.378200e-02 2.604673e+04 
5.513400e-02 2.508800e+04 
5.627600e-02 2.428580e+04 
5.735300e-02 2.354381e+04 
5.870100e-02 2.263619e+04 
5.988700e-02 2.186932e+04 
6.113500e-02 2.109952e+04 
6.225900e-02 2.044200e+04 
6.340100e-02 1.981070e+04 
6.480200e-02 1.909145e+04 
6.601100e-02 1.852253e+04 
6.725500e-02 1.798563e+04 
6.829100e-02 1.758032e+04 
6.958600e-02 1.711445e+04 
7.071100e-02 1.674801e+04 
7.192300e-02 1.638858e+04 
7.307400e-02 1.607869e+04 
7.412300e-02 1.582004e+04 
7.550400e-02 1.551174e+04 
7.663100e-02 1.527969e+04 
7.791200e-02 1.503502e+04 
7.912700e-02 1.481759e+04 
8.027600e-02 1.461828e+04 
8.138400e-02 1.443025e+04 
8.272200e-02 1.420603e+04 
8.406100e-02 1.398103e+04 
8.534100e-02 1.376045e+04 
8.653800e-02 1.354618e+04 
8.759800e-02 1.335317e+04 
8.900300e-02 1.309081e+04 
9.009000e-02 1.287994e+04 
9.113300e-02 1.267286e+04 
9.239600e-02 1.242004e+04 
9.358000e-02 1.217801e+04 
9.496100e-02 1.189490e+04 
9.608400e-02 1.166632e+04 
9.727500e-02 1.142652e+04 
9.852600e-02 1.117731e+04 
9.973800e-02 1.094346e+04 
1.009000e-01 1.072607e+04 
1.020900e-01 1.051173e+04 
1.034000e-01 1.028665e+04 
1.046000e-01 1.009086e+04 
1.057200e-01 9.919890e+03 
1.069100e-01 9.746286e+03 
1.082500e-01 9.566717e+03 
1.093900e-01 9.422892e+03 
1.105400e-01 9.284212e+03 
1.116900e-01 9.157863e+03 
1.129600e-01 9.024717e+03 
1.142000e-01 8.904466e+03 
1.153300e-01 8.799857e+03 
1.166400e-01 8.685131e+03 
1.177800e-01 8.588415e+03 
1.190000e-01 8.487696e+03 
1.201200e-01 8.397848e+03 
1.213400e-01 8.302365e+03 
1.227100e-01 8.194232e+03 
1.238900e-01 8.102525e+03 
1.250700e-01 8.009911e+03 
1.263200e-01 7.912430e+03 
1.275500e-01 7.815051e+03 
1.287500e-01 7.720770e+03 
1.299900e-01 7.623256e+03 
1.311300e-01 7.533677e+03 
1.323500e-01 7.437014e+03 
1.335900e-01 7.340234e+03 
1.347100e-01 7.253701e+03 
1.359800e-01 7.157204e+03 
1.372100e-01 7.064839e+03 
1.384300e-01 6.975062e+03 
1.395700e-01 6.892522e+03 
1.407700e-01 6.807436e+03 
1.420300e-01 6.720094e+03 
1.432800e-01 6.635327e+03 
1.444500e-01 6.559488e+03 
1.456300e-01 6.484525e+03 
1.468900e-01 6.406716e+03 
1.480500e-01 6.336703e+03 
1.491700e-01 6.271092e+03 
1.503800e-01 6.202472e+03 
1.516400e-01 6.132782e+03 
1.528200e-01 6.070266e+03 
1.540200e-01 6.007895e+03 
1.551900e-01 5.949457e+03 
1.564300e-01 5.888992e+03 
1.576600e-01 5.830319e+03 
1.588700e-01 5.773871e+03 
1.600900e-01 5.718060e+03 
1.612700e-01 5.665913e+03 
1.625400e-01 5.610824e+03 
1.637600e-01 5.558551e+03 
1.649500e-01 5.508279e+03 
1.662200e-01 5.455569e+03 
1.674000e-01 5.407313e+03 
1.685000e-01 5.363073e+03 
1.697500e-01 5.313369e+03 
1.710300e-01 5.263111e+03 
1.722200e-01 5.217207e+03 
1.734400e-01 5.170235e+03 
1.746400e-01 5.124788e+03 
1.758700e-01 5.078766e+03 
1.770900e-01 5.033429e+03 
1.782700e-01 4.990301e+03 
1.794600e-01 4.947158e+03 
1.807000e-01 4.902705e+03 
1.819100e-01 4.860044e+03 
1.830100e-01 4.821974e+03 
1.842200e-01 4.780761e+03 
1.855000e-01 4.737899e+03 
1.867000e-01 4.698793e+03 
1.879200e-01 4.659663e+03 
1.890900e-01 4.622709e+03 
1.902800e-01 4.585652e+03 
1.915200e-01 4.547638e+03 
1.926900e-01 4.512450e+03 
1.939000e-01 4.477031e+03 
1.951700e-01 4.440434e+03 
1.963100e-01 4.408201e+03 
1.975100e-01 4.375096e+03 
1.987800e-01 4.340593e+03 
2.000100e-01 4.307721e+03 
2.012500e-01 4.275155e+03 
2.023400e-01 4.246932e+03 
2.036100e-01 4.214531e+03 
2.048900e-01 4.182443e+03 
2.060400e-01 4.154029e+03 
2.072200e-01 4.125281e+03 
2.084200e-01 4.096542e+03 
2.096900e-01 4.066565e+03 
2.109200e-01 4.037952e+03 
2.121100e-01 4.010482e+03 
2.132700e-01 3.984055e+03 
2.145200e-01 3.955970e+03 
2.157200e-01 3.929307e+03 
2.168800e-01 3.903841e+03 
2.180700e-01 3.878061e+03 
2.193400e-01 3.850878e+03 
2.206000e-01 3.824200e+03 
2.217500e-01 3.800174e+03 
2.229500e-01 3.775428e+03 
2.241400e-01 3.751153e+03 
2.253500e-01 3.726791e+03 
2.264900e-01 3.704130e+03 
2.277100e-01 3.680377e+03 
2.289900e-01 3.656003e+03 
2.301500e-01 3.634199e+03 
2.313600e-01 3.611741e+03 
2.325600e-01 3.589691e+03 
2.337700e-01 3.567737e+03 
2.350000e-01 3.545704e+03 
2.362000e-01 3.524648e+03 
2.374100e-01 3.503880e+03 
2.386500e-01 3.482865e+03 
2.399100e-01 3.461784e+03 
2.410400e-01 3.443023e+03 
2.422500e-01 3.423161e+03 
2.435000e-01 3.402897e+03 
2.447300e-01 3.383306e+03 
2.458700e-01 3.365771e+03 
2.470600e-01 3.347680e+03 
2.483300e-01 3.328607e+03 
2.495600e-01 3.310320e+03 
2.507600e-01 3.292635e+03 
2.519600e-01 3.275156e+03 
2.532200e-01 3.257023e+03 
2.543700e-01 3.240712e+03 
2.555500e-01 3.224195e+03 
2.568000e-01 3.206902e+03 
2.580100e-01 3.190358e+03 
2.592400e-01 3.173798e+03 
2.604100e-01 3.158253e+03 
2.616100e-01 3.142486e+03 
2.628400e-01 3.126510e+03 
2.640600e-01 3.110898e+03 
2.652200e-01 3.096239e+03 
2.664300e-01 3.081116e+03 
2.676500e-01 3.066039e+03 
2.688400e-01 3.051329e+03 
2.700700e-01 3.036190e+03 
2.712400e-01 3.021946e+03 
2.724800e-01 3.007014e+03 
2.736700e-01 2.992879e+03 
2.748800e-01 2.978700e+03 
2.761000e-01 2.964559e+03 
2.773200e-01 2.950571e+03 
2.785400e-01 2.936660e+03 
2.797000e-01 2.923414e+03 
2.808900e-01 2.909966e+03 
2.821400e-01 2.895990e+03 
2.833900e-01 2.882164e+03 
2.845500e-01 2.869410e+03 
2.857800e-01 2.856026e+03 
2.870300e-01 2.842569e+03 
2.882100e-01 2.829998e+03 
2.893900e-01 2.817422e+03 
2.906300e-01 2.804271e+03 
2.918900e-01 2.791049e+03 
2.930500e-01 2.779001e+03 
2.942500e-01 2.766676e+03 
2.954200e-01 2.754830e+03 
2.966500e-01 2.742500e+03 
2.978900e-01 2.730197e+03 
2.990400e-01 2.718900e+03 
3.002700e-01 2.706788e+03 
3.015100e-01 2.694630e+03 
3.026800e-01 2.683270e+03 
3.038500e-01 2.672018e+03 
3.050300e-01 2.660780e+03 
3.062600e-01 2.649264e+03 
3.075000e-01 2.637769e+03 
3.087000e-01 2.626754e+03 
3.099100e-01 2.615754e+03 
3.111200e-01 2.604828e+03 
3.123100e-01 2.594131e+03 
3.135300e-01 2.583269e+03 
3.147300e-01 2.572686e+03 
3.159900e-01 2.561680e+03 
3.171800e-01 2.551344e+03 
3.183700e-01 2.541076e+03 
3.196300e-01 2.530307e+03 
3.208400e-01 2.520063e+03 
3.220300e-01 2.510082e+03 
3.232000e-01 2.500388e+03 
3.244300e-01 2.490304e+03 
3.256700e-01 2.480233e+03 
3.269200e-01 2.470176e+03 
3.280800e-01 2.460928e+03 
3.292500e-01 2.451696e+03 
3.304800e-01 2.442084e+03 
3.317100e-01 2.432559e+03 
3.328900e-01 2.423504e+03 
3.340700e-01 2.414528e+03 
3.353600e-01 2.404827e+03 
3.365300e-01 2.396116e+03 
3.377100e-01 2.387407e+03 
3.389200e-01 2.378555e+03 
3.401600e-01 2.369564e+03 
3.413700e-01 2.360876e+03 
3.425300e-01 2.352624e+03 
3.437700e-01 2.343880e+03 
3.449800e-01 2.335422e+03 
3.461800e-01 2.327106e+03 
3.473600e-01 2.319004e+03 
3.485800e-01 2.310710e+03 
3.498100e-01 2.302422e+03 
3.510200e-01 2.294339e+03 
3.522000e-01 2.286522e+03 
3.533900e-01 2.278706e+03 
3.546400e-01 2.270651e+03 
3.558400e-01 2.262990e+03 
3.570600e-01 2.255267e+03 
3.582700e-01 2.247672e+03 
3.595000e-01 2.240018e+03 
3.607100e-01 2.232507e+03 
3.618900e-01 2.225208e+03 
3.631200e-01 2.217662e+03 
3.643200e-01 2.210362e+03 
3.655500e-01 2.202942e+03 
3.667300e-01 2.195881e+03 
3.679500e-01 2.188628e+03 
3.691900e-01 2.181318e+03 
3.703600e-01 2.174476e+03 
3.715700e-01 2.167457e+03 
3.727700e-01 2.160552e+03 
3.739900e-01 2.153598e+03 
3.752000e-01 2.146771e+03 
3.763900e-01 2.140111e+03 
3.775800e-01 2.133504e+03 
3.788200e-01 2.126675e+03 
3.800300e-01 2.120064e+03 
3.812100e-01 2.113656e+03 
3.824200e-01 2.107129e+03 
3.836100e-01 2.100760e+03 
3.848600e-01 2.094123e+03 
3.860400e-01 2.087907e+03 
3.872400e-01 2.081635e+03 
3.884600e-01 2.075318e+03 
3.896500e-01 2.069209e+03 
3.908700e-01 2.062994e+03 
3.920600e-01 2.056979e+03 
3.933100e-01 2.050710e+03 
3.945300e-01 2.044640e+03 
3.957200e-01 2.038702e+03 
3.969300e-01 2.032692e+03 
3.981700e-01 2.026581e+03 
3.993500e-01 2.020810e+03 
4.094840e-01 1.972991e+03 
4.272360e-01 1.894958e+03 
4.454600e-01 1.821246e+03 
4.630560e-01 1.755687e+03 
4.804610e-01 1.694977e+03 
4.980690e-01 1.638154e+03 
5.159230e-01 1.583968e+03 
5.317440e-01 1.539103e+03 
5.489640e-01 1.492888e+03 
5.671990e-01 1.446810e+03 
5.838690e-01 1.407168e+03 
6.018840e-01 1.366705e+03 
6.202330e-01 1.327367e+03 
6.379250e-01 1.291744e+03 
6.545410e-01 1.259659e+03 
6.714560e-01 1.228507e+03 
6.892080e-01 1.197147e+03 
7.066010e-01 1.167910e+03 
7.240540e-01 1.139711e+03 
7.420450e-01 1.111593e+03 
7.593780e-01 1.085776e+03 
7.764720e-01 1.061035e+03 
7.942840e-01 1.036177e+03 
8.116170e-01 1.012965e+03 
8.288310e-01 9.905603e+02 
8.462240e-01 9.687302e+02 
8.631980e-01 9.480045e+02 
8.810700e-01 9.268993e+02 
8.989410e-01 9.064805e+02 
9.166330e-01 8.869490e+02 
9.345640e-01 8.676303e+02 
9.515980e-01 8.498530e+02 
9.688720e-01 8.323282e+02 
9.865640e-01 8.148686e+02 
1.031870e+00 7.724868e+02 
1.063490e+00 7.447302e+02 
1.097920e+00 7.158533e+02 
1.134370e+00 6.870272e+02 
1.167730e+00 6.621390e+02 
1.203830e+00 6.364296e+02 
1.240470e+00 6.118350e+02 
1.275790e+00 5.892642e+02 
1.309140e+00 5.689993e+02 
1.342970e+00 5.494243e+02 
1.378420e+00 5.298979e+02 
1.413200e+00 5.117104e+02 
1.448110e+00 4.943030e+02 
1.484090e+00 4.772094e+02 
1.518820e+00 4.614776e+02 
1.552880e+00 4.468048e+02 
1.588630e+00 4.320582e+02 
1.623230e+00 4.184072e+02 
1.657720e+00 4.054270e+02 
1.692450e+00 3.929326e+02 
1.726400e+00 3.812302e+02 
1.762200e+00 3.694719e+02 
1.797880e+00 3.581945e+02 
1.833270e+00 3.475303e+02 
1.869070e+00 3.371823e+02 
1.903200e+00 3.277117e+02 
1.937740e+00 3.184926e+02 
1.973190e+00 3.094196e+02 
2.007440e+00 3.010326e+02 
2.042160e+00 2.928466e+02 
2.077900e+00 2.847352e+02 
2.112390e+00 2.771978e+02 
2.146220e+00 2.701178e+02 
2.181600e+00 2.629302e+02 
2.216930e+00 2.560427e+02 
2.250760e+00 2.497166e+02 
2.286500e+00 2.432685e+02 
2.321770e+00 2.371061e+02 
2.355950e+00 2.313704e+02 
2.391280e+00 2.256369e+02 
2.426240e+00 2.201547e+02 
2.460670e+00 2.149478e+02 
2.495640e+00 2.098510e+02 
2.531080e+00 2.048174e+02 
2.566220e+00 2.000130e+02 
2.600830e+00 1.954530e+02 
2.635080e+00 1.910991e+02 
2.670340e+00 1.867192e+02 
2.705970e+00 1.824522e+02 
2.740040e+00 1.785081e+02 
2.774520e+00 1.746307e+02 
2.809730e+00 1.708082e+02 
2.844390e+00 1.671655e+02 
2.879960e+00 1.635345e+02 
2.914860e+00 1.600753e+02 
2.949410e+00 1.567507e+02 
2.984440e+00 1.534724e+02 
3.019760e+00 1.502745e+02 
3.054730e+00 1.472071e+02 
3.089030e+00 1.442779e+02 
3.124060e+00 1.413777e+02 
3.159560e+00 1.385309e+02 
3.194710e+00 1.357864e+02 
3.229010e+00 1.331812e+02 
3.263320e+00 1.306402e+02 
3.297930e+00 1.281505e+02 
3.332830e+00 1.257148e+02 
3.368040e+00 1.233211e+02 
3.403300e+00 1.209866e+02 
3.438450e+00 1.187290e+02 
3.473060e+00 1.165666e+02 
3.508440e+00 1.144081e+02 
3.543110e+00 1.123475e+02 
3.577470e+00 1.103535e+02 
3.613040e+00 1.083441e+02 
3.648120e+00 1.064184e+02 
3.682910e+00 1.045552e+02 
3.718050e+00 1.027172e+02 
3.753320e+00 1.009212e+02 
3.787980e+00 9.920343e+01 
3.822290e+00 9.754243e+01 
3.857020e+00 9.589897e+01 
3.891920e+00 9.428900e+01 
3.926650e+00 9.272860e+01 
3.961970e+00 9.117810e+01 
3.997360e+00 8.965872e+01 
4.031670e+00 8.822089e+01 
4.066330e+00 8.680618e+01 
4.101420e+00 8.540669e+01 
4.136200e+00 8.405591e+01 
4.170810e+00 8.274165e+01 
4.206250e+00 8.142348e+01 
4.241580e+00 8.013836e+01 
4.276300e+00 7.890127e+01 
4.310970e+00 7.769160e+01 
4.346120e+00 7.649352e+01 
4.380600e+00 7.534643e+01 
4.414730e+00 7.423486e+01 
4.450350e+00 7.310399e+01 
4.485320e+00 7.201724e+01 
4.519810e+00 7.096600e+01 
4.555430e+00 6.990212e+01 
4.590870e+00 6.886696e+01 
4.625480e+00 6.787930e+01 
4.659910e+00 6.691640e+01 
4.695230e+00 6.595215e+01 
4.729960e+00 6.502349e+01 
4.764450e+00 6.411856e+01 
4.799530e+00 6.321488e+01 
4.834910e+00 6.232143e+01 
4.869700e+00 6.146305e+01 
4.904370e+00 6.062451e+01 
4.939450e+00 5.979178e+01 
4.973940e+00 5.898732e+01 
5.008430e+00 5.819787e+01 
5.043810e+00 5.740539e+01 
5.078840e+00 5.663673e+01 
5.113500e+00 5.589024e+01 
5.148890e+00 5.514508e+01 
5.184210e+00 5.441527e+01 
5.219060e+00 5.370792e+01 
5.253660e+00 5.301715e+01 
5.288570e+00 5.233264e+01 
5.323420e+00 5.166287e+01 
5.358440e+00 5.100328e+01 
5.393590e+00 5.035297e+01 
5.428310e+00 4.972360e+01 
5.462800e+00 4.911010e+01 
5.497640e+00 4.850100e+01 
5.532670e+00 4.789812e+01 
5.567280e+00 4.731231e+01 
5.602000e+00 4.673456e+01 
5.637270e+00 4.615956e+01 
5.672410e+00 4.559683e+01 
5.707020e+00 4.505183e+01 
5.742040e+00 4.451149e+01 
5.777430e+00 4.397493e+01 
5.812210e+00 4.345629e+01 
5.846820e+00 4.294764e+01 
5.881610e+00 4.244436e+01 
5.916510e+00 4.194762e+01 
5.951600e+00 4.145565e+01 
5.986560e+00 4.097311e+01 
6.021830e+00 4.049408e+01 
6.056490e+00 4.003183e+01 
6.091160e+00 3.957754e+01 
6.125830e+00 3.913030e+01 
6.161090e+00 3.868312e+01 
6.195760e+00 3.825147e+01 
6.230420e+00 3.782653e+01 
6.265690e+00 3.740072e+01 
6.300950e+00 3.698099e+01 
6.335620e+00 3.657456e+01 
6.370880e+00 3.616745e+01 
6.405550e+00 3.577427e+01 
6.440220e+00 3.538736e+01 
6.475480e+00 3.499972e+01 
6.510150e+00 3.462402e+01 
6.544810e+00 3.425349e+01 
6.580080e+00 3.388198e+01 
6.614750e+00 3.352212e+01 
6.649410e+00 3.316887e+01 
6.684080e+00 3.282084e+01 
6.719340e+00 3.247198e+01 
6.754010e+00 3.213368e+01 
6.788680e+00 3.179974e+01 
6.823940e+00 3.146493e+01 
6.859800e+00 3.112932e+01 
6.894470e+00 3.080909e+01 
6.929140e+00 3.049317e+01 
6.963800e+00 3.018172e+01 
6.999070e+00 2.986927e+01 
7.033730e+00 2.956772e+01 
7.068400e+00 2.927020e+01 
7.103660e+00 2.897175e+01 
7.138330e+00 2.868217e+01 
7.173600e+00 2.839130e+01 
7.208260e+00 2.810932e+01 
7.243530e+00 2.782625e+01 
7.277600e+00 2.755708e+01 
7.312860e+00 2.728277e+01 
7.348120e+00 2.701213e+01 
7.382790e+00 2.674954e+01 
7.417460e+00 2.649013e+01 
7.452720e+00 2.622963e+01 
7.487390e+00 2.597685e+01 
7.522650e+00 2.572310e+01 
7.557320e+00 2.547662e+01 
7.591990e+00 2.523322e+01 
7.627250e+00 2.498886e+01 
7.662510e+00 2.474766e+01 
7.697180e+00 2.451331e+01 
7.731850e+00 2.428184e+01 
7.766510e+00 2.405334e+01 
7.801180e+00 2.382764e+01 
7.836440e+00 2.360166e+01 
7.871110e+00 2.338266e+01 
7.906380e+00 2.316265e+01 
7.941040e+00 2.294913e+01 
7.976310e+00 2.273385e+01 
8.011570e+00 2.252049e+01 
8.046240e+00 2.231328e+01 
8.080900e+00 2.210865e+01 
8.115570e+00 2.190666e+01 
8.150830e+00 2.170451e+01 
8.185500e+00 2.150815e+01 
8.220770e+00 2.131081e+01 
8.255430e+00 2.111921e+01 
8.290100e+00 2.093067e+01 
8.324770e+00 2.074446e+01 
8.359430e+00 2.056049e+01 
8.394700e+00 2.037549e+01 
8.429960e+00 2.019217e+01 
8.464630e+00 2.001344e+01 
8.499890e+00 1.983380e+01 
8.534560e+00 1.965924e+01 
8.569200e+00 1.948684e+01 
