# Parameters:
# omega_b = 0.022640, omega_m = 0.136400, n_s = 0.972000, h = 70.000000, w = -1.000000, sigma_8 = 0.821000
# z = 0.000000
#
# k[1/Mpc] # P(k):
8.694000e-04 1.653459e+04 
2.077466e-03 3.546386e+04 
3.285532e-03 5.022641e+04 
4.493598e-03 6.151462e+04 
5.701664e-03 6.982198e+04 
6.909730e-03 7.564139e+04 
8.117797e-03 7.952569e+04 
9.325863e-03 8.175709e+04 
1.053393e-02 8.261491e+04 
1.174199e-02 8.235628e+04 
1.295006e-02 8.114772e+04 
1.415813e-02 7.921733e+04 
1.536619e-02 7.675525e+04 
1.657426e-02 7.389513e+04 
1.778233e-02 7.075201e+04 
1.899039e-02 6.748883e+04 
2.019846e-02 6.420816e+04 
2.140652e-02 6.100323e+04 
2.261459e-02 5.791905e+04 
2.382266e-02 5.500643e+04 
2.503072e-02 5.229770e+04 
2.623879e-02 4.980628e+04 
2.744685e-02 4.753597e+04 
2.865492e-02 4.548590e+04 
2.986299e-02 4.364459e+04 
3.100100e-02 4.209618e+04 
3.220400e-02 4.063570e+04 
3.288100e-02 3.988956e+04 
3.424300e-02 3.853205e+04 
3.555100e-02 3.739038e+04 
3.686000e-02 3.637067e+04 
3.795000e-02 3.560165e+04 
3.929100e-02 3.473830e+04 
4.039800e-02 3.407159e+04 
4.164000e-02 3.335101e+04 
4.294400e-02 3.260458e+04 
4.415000e-02 3.192755e+04 
4.542900e-02 3.118553e+04 
4.660900e-02 3.048942e+04 
4.782300e-02 2.973624e+04 
4.892900e-02 2.903171e+04 
5.031200e-02 2.812035e+04 
5.155900e-02 2.727160e+04 
5.238100e-02 2.670329e+04 
5.378200e-02 2.572716e+04 
5.513400e-02 2.477603e+04 
5.627600e-02 2.398059e+04 
5.735300e-02 2.324520e+04 
5.870100e-02 2.234627e+04 
5.988700e-02 2.158728e+04 
6.113500e-02 2.082596e+04 
6.225900e-02 2.017619e+04 
6.340100e-02 1.955281e+04 
6.480200e-02 1.884310e+04 
6.601100e-02 1.828226e+04 
6.725500e-02 1.775340e+04 
6.829100e-02 1.735451e+04 
6.958600e-02 1.689628e+04 
7.071100e-02 1.653611e+04 
7.192300e-02 1.618301e+04 
7.307400e-02 1.587875e+04 
7.412300e-02 1.562490e+04 
7.550400e-02 1.532239e+04 
7.663100e-02 1.509472e+04 
7.791200e-02 1.485460e+04 
7.912700e-02 1.464107e+04 
8.027600e-02 1.444516e+04 
8.138400e-02 1.426019e+04 
8.272200e-02 1.403934e+04 
8.406100e-02 1.381743e+04 
8.534100e-02 1.359955e+04 
8.653800e-02 1.338762e+04 
8.759800e-02 1.319658e+04 
8.900300e-02 1.293669e+04 
9.009000e-02 1.272768e+04 
9.113300e-02 1.252234e+04 
9.239600e-02 1.227158e+04 
9.358000e-02 1.203152e+04 
9.496100e-02 1.175070e+04 
9.608400e-02 1.152400e+04 
9.727500e-02 1.128623e+04 
9.852600e-02 1.103925e+04 
9.973800e-02 1.080758e+04 
1.009000e-01 1.059228e+04 
1.020900e-01 1.038016e+04 
1.034000e-01 1.015751e+04 
1.046000e-01 9.963899e+03 
1.057200e-01 9.794965e+03 
1.069100e-01 9.623465e+03 
1.082500e-01 9.446177e+03 
1.093900e-01 9.304233e+03 
1.105400e-01 9.167398e+03 
1.116900e-01 9.042782e+03 
1.129600e-01 8.911476e+03 
1.142000e-01 8.792910e+03 
1.153300e-01 8.689771e+03 
1.166400e-01 8.576662e+03 
1.177800e-01 8.481293e+03 
1.190000e-01 8.381971e+03 
1.201200e-01 8.293337e+03 
1.213400e-01 8.199137e+03 
1.227100e-01 8.092406e+03 
1.238900e-01 8.001876e+03 
1.250700e-01 7.910414e+03 
1.263200e-01 7.814130e+03 
1.275500e-01 7.717916e+03 
1.287500e-01 7.624747e+03 
1.299900e-01 7.528358e+03 
1.311300e-01 7.439801e+03 
1.323500e-01 7.344225e+03 
1.335900e-01 7.248523e+03 
1.347100e-01 7.162944e+03 
1.359800e-01 7.067506e+03 
1.372100e-01 6.976144e+03 
1.384300e-01 6.887343e+03 
1.395700e-01 6.805700e+03 
1.407700e-01 6.721540e+03 
1.420300e-01 6.635148e+03 
1.432800e-01 6.551304e+03 
1.444500e-01 6.476297e+03 
1.456300e-01 6.402158e+03 
1.468900e-01 6.325217e+03 
1.480500e-01 6.255990e+03 
1.491700e-01 6.191121e+03 
1.503800e-01 6.123285e+03 
1.516400e-01 6.054394e+03 
1.528200e-01 5.992607e+03 
1.540200e-01 5.930964e+03 
1.551900e-01 5.873222e+03 
1.564300e-01 5.813480e+03 
1.576600e-01 5.755513e+03 
1.588700e-01 5.699751e+03 
1.600900e-01 5.644618e+03 
1.612700e-01 5.593109e+03 
1.625400e-01 5.538693e+03 
1.637600e-01 5.487057e+03 
1.649500e-01 5.437396e+03 
1.662200e-01 5.385325e+03 
1.674000e-01 5.337644e+03 
1.685000e-01 5.293931e+03 
1.697500e-01 5.244812e+03 
1.710300e-01 5.195138e+03 
1.722200e-01 5.149768e+03 
1.734400e-01 5.103326e+03 
1.746400e-01 5.058390e+03 
1.758700e-01 5.012881e+03 
1.770900e-01 4.968039e+03 
1.782700e-01 4.925382e+03 
1.794600e-01 4.882705e+03 
1.807000e-01 4.838727e+03 
1.819100e-01 4.796522e+03 
1.830100e-01 4.758857e+03 
1.842200e-01 4.718081e+03 
1.855000e-01 4.675674e+03 
1.867000e-01 4.636983e+03 
1.879200e-01 4.598268e+03 
1.890900e-01 4.561707e+03 
1.902800e-01 4.525054e+03 
1.915200e-01 4.487454e+03 
1.926900e-01 4.452652e+03 
1.939000e-01 4.417632e+03 
1.951700e-01 4.381446e+03 
1.963100e-01 4.349581e+03 
1.975100e-01 4.316868e+03 
1.987800e-01 4.282773e+03 
2.000100e-01 4.250296e+03 
2.012500e-01 4.218137e+03 
2.023400e-01 4.190266e+03 
2.036100e-01 4.158277e+03 
2.048900e-01 4.126619e+03 
2.060400e-01 4.098586e+03 
2.072200e-01 4.070228e+03 
2.084200e-01 4.041916e+03 
2.096900e-01 4.012384e+03 
2.109200e-01 3.984197e+03 
2.121100e-01 3.957192e+03 
2.132700e-01 3.931217e+03 
2.145200e-01 3.903611e+03 
2.157200e-01 3.877471e+03 
2.168800e-01 3.852535e+03 
2.180700e-01 3.827291e+03 
2.193400e-01 3.800728e+03 
2.206000e-01 3.774759e+03 
2.217500e-01 3.751372e+03 
2.229500e-01 3.727283e+03 
2.241400e-01 3.703854e+03 
2.253500e-01 3.680345e+03 
2.264900e-01 3.658477e+03 
2.277100e-01 3.635688e+03 
2.289900e-01 3.612451e+03 
2.301500e-01 3.591665e+03 
2.313600e-01 3.570258e+03 
2.325600e-01 3.549525e+03 
2.337700e-01 3.528884e+03 
2.350000e-01 3.508170e+03 
2.362000e-01 3.488512e+03 
2.374100e-01 3.469288e+03 
2.386500e-01 3.449837e+03 
2.399100e-01 3.430326e+03 
2.410400e-01 3.413145e+03 
2.422500e-01 3.394980e+03 
2.435000e-01 3.376449e+03 
2.447300e-01 3.358568e+03 
2.458700e-01 3.342697e+03 
2.470600e-01 3.326324e+03 
2.483300e-01 3.309066e+03 
2.495600e-01 3.292522e+03 
2.507600e-01 3.276523e+03 
2.519600e-01 3.260713e+03 
2.532200e-01 3.244314e+03 
2.543700e-01 3.229504e+03 
2.555500e-01 3.214467e+03 
2.568000e-01 3.198725e+03 
2.580100e-01 3.183669e+03 
2.592400e-01 3.168464e+03 
2.604100e-01 3.154133e+03 
2.616100e-01 3.139601e+03 
2.628400e-01 3.124877e+03 
2.640600e-01 3.110314e+03 
2.652200e-01 3.096570e+03 
2.664300e-01 3.082394e+03 
2.676500e-01 3.068262e+03 
2.688400e-01 3.054310e+03 
2.700700e-01 3.039850e+03 
2.712400e-01 3.026246e+03 
2.724800e-01 3.011986e+03 
2.736700e-01 2.998381e+03 
2.748800e-01 2.984623e+03 
2.761000e-01 2.970902e+03 
2.773200e-01 2.957331e+03 
2.785400e-01 2.943778e+03 
2.797000e-01 2.930754e+03 
2.808900e-01 2.917531e+03 
2.821400e-01 2.903790e+03 
2.833900e-01 2.890191e+03 
2.845500e-01 2.877533e+03 
2.857800e-01 2.864250e+03 
2.870300e-01 2.850894e+03 
2.882100e-01 2.838418e+03 
2.893900e-01 2.825884e+03 
2.906300e-01 2.812749e+03 
2.918900e-01 2.799543e+03 
2.930500e-01 2.787509e+03 
2.942500e-01 2.775188e+03 
2.954200e-01 2.763308e+03 
2.966500e-01 2.750943e+03 
2.978900e-01 2.738606e+03 
2.990400e-01 2.727277e+03 
3.002700e-01 2.715110e+03 
3.015100e-01 2.702887e+03 
3.026800e-01 2.691467e+03 
3.038500e-01 2.680155e+03 
3.050300e-01 2.668856e+03 
3.062600e-01 2.657260e+03 
3.075000e-01 2.645686e+03 
3.087000e-01 2.634595e+03 
3.099100e-01 2.623518e+03 
3.111200e-01 2.612513e+03 
3.123100e-01 2.601731e+03 
3.135300e-01 2.590783e+03 
3.147300e-01 2.580116e+03 
3.159900e-01 2.569024e+03 
3.171800e-01 2.558603e+03 
3.183700e-01 2.548249e+03 
3.196300e-01 2.537389e+03 
3.208400e-01 2.527059e+03 
3.220300e-01 2.516994e+03 
3.232000e-01 2.507217e+03 
3.244300e-01 2.497044e+03 
3.256700e-01 2.486885e+03 
3.269200e-01 2.476740e+03 
3.280800e-01 2.467411e+03 
3.292500e-01 2.458099e+03 
3.304800e-01 2.448402e+03 
3.317100e-01 2.438794e+03 
3.328900e-01 2.429659e+03 
3.340700e-01 2.420604e+03 
3.353600e-01 2.410820e+03 
3.365300e-01 2.402035e+03 
3.377100e-01 2.393251e+03 
3.389200e-01 2.384323e+03 
3.401600e-01 2.375255e+03 
3.413700e-01 2.366494e+03 
3.425300e-01 2.358174e+03 
3.437700e-01 2.349358e+03 
3.449800e-01 2.340830e+03 
3.461800e-01 2.332446e+03 
3.473600e-01 2.324278e+03 
3.485800e-01 2.315920e+03 
3.498100e-01 2.307567e+03 
3.510200e-01 2.299422e+03 
3.522000e-01 2.291545e+03 
3.533900e-01 2.283667e+03 
3.546400e-01 2.275554e+03 
3.558400e-01 2.267838e+03 
3.570600e-01 2.260059e+03 
3.582700e-01 2.252410e+03 
3.595000e-01 2.244700e+03 
3.607100e-01 2.237137e+03 
3.618900e-01 2.229791e+03 
3.631200e-01 2.222196e+03 
3.643200e-01 2.214849e+03 
3.655500e-01 2.207380e+03 
3.667300e-01 2.200273e+03 
3.679500e-01 2.192978e+03 
3.691900e-01 2.185625e+03 
3.703600e-01 2.178743e+03 
3.715700e-01 2.171683e+03 
3.727700e-01 2.164737e+03 
3.739900e-01 2.157743e+03 
3.752000e-01 2.150881e+03 
3.763900e-01 2.144185e+03 
3.775800e-01 2.137543e+03 
3.788200e-01 2.130677e+03 
3.800300e-01 2.124031e+03 
3.812100e-01 2.117592e+03 
3.824200e-01 2.111034e+03 
3.836100e-01 2.104635e+03 
3.848600e-01 2.097967e+03 
3.860400e-01 2.091722e+03 
3.872400e-01 2.085421e+03 
3.884600e-01 2.079076e+03 
3.896500e-01 2.072941e+03 
3.908700e-01 2.066699e+03 
3.920600e-01 2.060659e+03 
3.933100e-01 2.054363e+03 
3.945300e-01 2.048267e+03 
3.957200e-01 2.042306e+03 
3.969300e-01 2.036273e+03 
3.981700e-01 2.030139e+03 
3.993500e-01 2.024347e+03 
4.094840e-01 1.976352e+03 
4.272360e-01 1.898051e+03 
4.454600e-01 1.824071e+03 
4.630560e-01 1.758235e+03 
4.804610e-01 1.697219e+03 
4.980690e-01 1.640053e+03 
5.159230e-01 1.585489e+03 
5.317440e-01 1.540274e+03 
5.489640e-01 1.493660e+03 
5.671990e-01 1.447151e+03 
5.838690e-01 1.407117e+03 
6.018840e-01 1.366239e+03 
6.202330e-01 1.326488e+03 
6.379250e-01 1.290489e+03 
6.545410e-01 1.258067e+03 
6.714560e-01 1.226594e+03 
6.892080e-01 1.194922e+03 
7.066010e-01 1.165403e+03 
7.240540e-01 1.136947e+03 
7.420450e-01 1.108593e+03 
7.593780e-01 1.082571e+03 
7.764720e-01 1.057653e+03 
7.942840e-01 1.032633e+03 
8.116170e-01 1.009287e+03 
8.288310e-01 9.867699e+02 
8.462240e-01 9.648456e+02 
8.631980e-01 9.440453e+02 
8.810700e-01 9.228783e+02 
8.989410e-01 9.024137e+02 
9.166330e-01 8.828517e+02 
9.345640e-01 8.635158e+02 
9.515980e-01 8.457336e+02 
9.688720e-01 8.282148e+02 
9.865640e-01 8.107717e+02 
1.031870e+00 7.684652e+02 
1.063490e+00 7.407874e+02 
1.097920e+00 7.120151e+02 
1.134370e+00 6.833132e+02 
1.167730e+00 6.585475e+02 
1.203830e+00 6.329800e+02 
1.240470e+00 6.085312e+02 
1.275790e+00 5.861048e+02 
1.309140e+00 5.659744e+02 
1.342970e+00 5.465365e+02 
1.378420e+00 5.271500e+02 
1.413200e+00 5.090971e+02 
1.448110e+00 4.918210e+02 
1.484090e+00 4.748581e+02 
1.518820e+00 4.592482e+02 
1.552880e+00 4.446906e+02 
1.588630e+00 4.300599e+02 
1.623230e+00 4.165167e+02 
1.657720e+00 4.036390e+02 
1.692450e+00 3.912432e+02 
1.726400e+00 3.796332e+02 
1.762200e+00 3.679675e+02 
1.797880e+00 3.567781e+02 
1.833270e+00 3.461970e+02 
1.869070e+00 3.359289e+02 
1.903200e+00 3.265307e+02 
1.937740e+00 3.173815e+02 
1.973190e+00 3.083767e+02 
2.007440e+00 3.000522e+02 
2.042160e+00 2.919265e+02 
2.077900e+00 2.838740e+02 
2.112390e+00 2.763907e+02 
2.146220e+00 2.693611e+02 
2.181600e+00 2.622237e+02 
2.216930e+00 2.553837e+02 
2.250760e+00 2.491008e+02 
2.286500e+00 2.426960e+02 
2.321770e+00 2.365744e+02 
2.355950e+00 2.308761e+02 
2.391280e+00 2.251794e+02 
2.426240e+00 2.197317e+02 
2.460670e+00 2.145570e+02 
2.495640e+00 2.094915e+02 
2.531080e+00 2.044878e+02 
2.566220e+00 1.997117e+02 
2.600830e+00 1.951780e+02 
2.635080e+00 1.908490e+02 
2.670340e+00 1.864934e+02 
2.705970e+00 1.822497e+02 
2.740040e+00 1.783268e+02 
2.774520e+00 1.744698e+02 
2.809730e+00 1.706670e+02 
2.844390e+00 1.670428e+02 
2.879960e+00 1.634297e+02 
2.914860e+00 1.599873e+02 
2.949410e+00 1.566785e+02 
2.984440e+00 1.534153e+02 
3.019760e+00 1.502320e+02 
3.054730e+00 1.471783e+02 
3.089030e+00 1.442617e+02 
3.124060e+00 1.413738e+02 
3.159560e+00 1.385389e+02 
3.194710e+00 1.358054e+02 
3.229010e+00 1.332105e+02 
3.263320e+00 1.306792e+02 
3.297930e+00 1.281989e+02 
3.332830e+00 1.257722e+02 
3.368040e+00 1.233870e+02 
3.403300e+00 1.210607e+02 
3.438450e+00 1.188107e+02 
3.473060e+00 1.166555e+02 
3.508440e+00 1.145039e+02 
3.543110e+00 1.124498e+02 
3.577470e+00 1.104617e+02 
3.613040e+00 1.084582e+02 
3.648120e+00 1.065380e+02 
3.682910e+00 1.046800e+02 
3.718050e+00 1.028469e+02 
3.753320e+00 1.010556e+02 
3.787980e+00 9.934217e+01 
3.822290e+00 9.768524e+01 
3.857020e+00 9.604565e+01 
3.891920e+00 9.443936e+01 
3.926650e+00 9.288241e+01 
3.961970e+00 9.133524e+01 
3.997360e+00 8.981896e+01 
4.031670e+00 8.838400e+01 
4.066330e+00 8.697197e+01 
4.101420e+00 8.557508e+01 
4.136200e+00 8.422669e+01 
4.170810e+00 8.291472e+01 
4.206250e+00 8.159868e+01 
4.241580e+00 8.031558e+01 
4.276300e+00 7.908031e+01 
4.310970e+00 7.787235e+01 
4.346120e+00 7.667590e+01 
4.380600e+00 7.553029e+01 
4.414730e+00 7.442012e+01 
4.450350e+00 7.329055e+01 
4.485320e+00 7.220503e+01 
4.519810e+00 7.115487e+01 
4.555430e+00 7.009203e+01 
4.590870e+00 6.905784e+01 
4.625480e+00 6.807103e+01 
4.659910e+00 6.710894e+01 
4.695230e+00 6.614541e+01 
4.729960e+00 6.521741e+01 
4.764450e+00 6.431307e+01 
4.799530e+00 6.340991e+01 
4.834910e+00 6.251695e+01 
4.869700e+00 6.165898e+01 
4.904370e+00 6.082080e+01 
4.939450e+00 5.998840e+01 
4.973940e+00 5.918418e+01 
5.008430e+00 5.839496e+01 
5.043810e+00 5.760265e+01 
5.078840e+00 5.683411e+01 
5.113500e+00 5.608772e+01 
5.148890e+00 5.534261e+01 
5.184210e+00 5.461283e+01 
5.219060e+00 5.390548e+01 
5.253660e+00 5.321465e+01 
5.288570e+00 5.253007e+01 
5.323420e+00 5.186019e+01 
5.358440e+00 5.120046e+01 
5.393590e+00 5.054999e+01 
5.428310e+00 4.992044e+01 
5.462800e+00 4.930673e+01 
5.497640e+00 4.869741e+01 
5.532670e+00 4.809427e+01 
5.567280e+00 4.750818e+01 
5.602000e+00 4.693013e+01 
5.637270e+00 4.635481e+01 
5.672410e+00 4.579175e+01 
5.707020e+00 4.524641e+01 
5.742040e+00 4.470569e+01 
5.777430e+00 4.416874e+01 
5.812210e+00 4.364972e+01 
5.846820e+00 4.314066e+01 
5.881610e+00 4.263694e+01 
5.916510e+00 4.213977e+01 
5.951600e+00 4.164733e+01 
5.986560e+00 4.116430e+01 
6.021830e+00 4.068478e+01 
6.056490e+00 4.022203e+01 
6.091160e+00 3.976723e+01 
6.125830e+00 3.931949e+01 
6.161090e+00 3.887178e+01 
6.195760e+00 3.843960e+01 
6.230420e+00 3.801413e+01 
6.265690e+00 3.758777e+01 
6.300950e+00 3.716746e+01 
6.335620e+00 3.676046e+01 
6.370880e+00 3.635277e+01 
6.405550e+00 3.595901e+01 
6.440220e+00 3.557151e+01 
6.475480e+00 3.518327e+01 
6.510150e+00 3.480698e+01 
6.544810e+00 3.443584e+01 
6.580080e+00 3.406370e+01 
6.614750e+00 3.370323e+01 
6.649410e+00 3.334936e+01 
6.684080e+00 3.300070e+01 
6.719340e+00 3.265120e+01 
6.754010e+00 3.231227e+01 
6.788680e+00 3.197768e+01 
6.823940e+00 3.164222e+01 
6.859800e+00 3.130594e+01 
6.894470e+00 3.098504e+01 
6.929140e+00 3.066846e+01 
6.963800e+00 3.035634e+01 
6.999070e+00 3.004321e+01 
7.033730e+00 2.974099e+01 
7.068400e+00 2.944279e+01 
7.103660e+00 2.914366e+01 
7.138330e+00 2.885340e+01 
7.173600e+00 2.856183e+01 
7.208260e+00 2.827917e+01 
7.243530e+00 2.799540e+01 
7.277600e+00 2.772555e+01 
7.312860e+00 2.745054e+01 
7.348120e+00 2.717920e+01 
7.382790e+00 2.691592e+01 
7.417460e+00 2.665581e+01 
7.452720e+00 2.639460e+01 
7.487390e+00 2.614112e+01 
7.522650e+00 2.588667e+01 
7.557320e+00 2.563948e+01 
7.591990e+00 2.539536e+01 
7.627250e+00 2.515028e+01 
7.662510e+00 2.490836e+01 
7.697180e+00 2.467330e+01 
7.731850e+00 2.444111e+01 
7.766510e+00 2.421190e+01 
7.801180e+00 2.398549e+01 
7.836440e+00 2.375878e+01 
7.871110e+00 2.353907e+01 
7.906380e+00 2.331833e+01 
7.941040e+00 2.310410e+01 
7.976310e+00 2.288809e+01 
8.011570e+00 2.267399e+01 
8.046240e+00 2.246606e+01 
8.080900e+00 2.226071e+01 
8.115570e+00 2.205799e+01 
8.150830e+00 2.185511e+01 
8.185500e+00 2.165804e+01 
8.220770e+00 2.145997e+01 
8.255430e+00 2.126766e+01 
8.290100e+00 2.107840e+01 
8.324770e+00 2.089147e+01 
8.359430e+00 2.070679e+01 
8.394700e+00 2.052108e+01 
8.429960e+00 2.033703e+01 
8.464630e+00 2.015758e+01 
8.499890e+00 1.997721e+01 
8.534560e+00 1.980194e+01 
8.569200e+00 1.962883e+01 
